3.871683954221573076e-01
-1.431026723586014023e-02
1.039691709921627821e-01
3.439734142281503787e-02
2.858080589698444585e-01
-2.073988347200784316e-02
5.226819187777643344e-02
-1.544052906376144618e-01
-1.265788957742095544e-01
-1.508760473720238693e-02
5.498822960443646574e-02
-3.372721209252479979e-02
2.711898217704561964e-01
-7.129395101538409107e-02
-1.325416447587806634e-01
2.554481401331105128e-01
-4.989187582837697338e-02
-2.816684530884477899e-01
2.795556643706687550e-01
-4.125833056553587092e-02
-1.066591225684713484e-01
-8.190652775197822255e-02
3.405456449746887548e-01
-6.232356085222033604e-02
-1.036980741949014295e-01
-8.320748293937101081e-02
-3.471757099188401644e-03
-7.129395101538409107e-02
-3.372721209252479979e-02
-1.036980741949014295e-01
-1.325416447587806634e-01
-8.320748293937101081e-02
2.795556643706687550e-01
-4.989187582837697338e-02
-8.190652775197822255e-02
-3.471757099188401644e-03
2.711898217704561964e-01
3.405456449746887548e-01
2.554481401331105128e-01
-4.125833056553587092e-02
-1.066591225684713484e-01
-2.816684530884477899e-01
-6.232356085222033604e-02
7.999386916843523876e-01
-5.471596160882653131e-02
-1.414043503501826171e-01
-1.482426465687545492e-01
-2.049424840016005056e-01
1.184351858215031139e-01
-5.850541571443165223e-01
3.887897837299622572e-01
3.068035729770270115e-02
-1.306830617472113099e-01
-1.752732375609822660e-02
-1.550263517750072040e-01
1.873919235019383747e-02
-2.814428566394661102e-01
-1.290160442460008550e-01
-1.307770154572062971e-01
-1.260972623156955512e-02
-1.755479785872217369e-01
-1.407258100060783043e-02
3.731030722903357910e-01
-7.056503290095353376e-02
2.887518081535836792e-02
-1.396479722552196323e-01
-4.175499172188562036e-01
-3.503302188549667351e-01
7.133900796996986982e-01
2.596515018665901398e-01
-2.506587192749021864e-01
-1.783256932939566650e-02
1.835946942798676873e-01
-1.893514518025011806e-01
-1.788460190084933650e-03
-7.114597587529240819e-02
-3.800407619618518251e-01
3.800407619618518251e-01
4.800975251288407408e-01
3.243168486211482904e-01
4.111226558756392868e-01
2.010854306970317334e-02
-5.027957672636749684e-03
-3.262212238232586881e-02
-2.395007166428119241e-02
6.190318399873224325e-02
-1.215400139488214681e-01
-1.049547350831162365e-02
-2.023984650806245553e-02
5.288210524523992428e-02
-1.972716011803080441e-02
-4.199863653151331144e-02
1.754560815738745103e-02
8.037578718289457858e-02
4.230318321512508556e-02
-2.753396166881564786e-02
8.434988954308619141e-03
6.487911353716263596e-02
-9.635583006871412809e-03
-3.650472956429867688e-02
-2.800975092486811258e-02
-2.322223772340017631e-02
-2.170548420120932062e-02
2.924054716831250497e-02
-3.036754582471801189e-02
6.893676478298138566e-02
1.059616060798671162e-02
-2.351826259764971255e-02
-4.663671927815549179e-02
2.591325166402665484e-02
-3.070342360925948019e-02
4.918004657843386140e-02
-4.524886877828039958e-03
-2.170548420120932062e-02
4.755703896081472926e-03
-4.597061408556801093e-02
-3.168040272866515933e-02
-2.170548420120932062e-02
2.924054716831250497e-02
-1.751234669391742160e-02
-1.091856152026892020e-02
-2.073988347200784316e-02
-3.706284576412521153e-02
