-1.348771656639947414e-01
1.392938092845929024e-02
1.167719527653142061e-02
-2.201794085838591417e-02
-7.261265334720397313e-02
1.823891414159340210e-02
-1.707722880818595898e-02
2.635593075776566929e-02
4.369402336860270242e-02
-4.207095184154498180e-02
8.656656271769482339e-03
-2.564330063731583027e-03
-9.749891851167123702e-02
1.984122354249574782e-02
2.816970100001213798e-02
-8.515433533077308714e-02
1.275789736355646860e-02
7.010769769018762587e-02
-1.169372823608982176e-01
3.721733396019685780e-02
5.010379705195496663e-02
3.755202954742711818e-02
-6.827471732199587306e-02
4.346674465025646833e-02
-7.560675202387394378e-03
5.429375423283509805e-02
-2.701179065784835645e-02
1.984122354249574782e-02
-2.564330063731583027e-03
-7.560675202387394378e-03
2.816970100001213798e-02
5.429375423283509805e-02
-1.169372823608982176e-01
1.275789736355646860e-02
3.755202954742711818e-02
-2.701179065784835645e-02
-9.749891851167123702e-02
-6.827471732199587306e-02
-8.515433533077308714e-02
3.721733396019685780e-02
5.010379705195496663e-02
7.010769769018762587e-02
4.346674465025646833e-02
-2.684530130928492464e-01
2.215020471047167427e-02
1.036278880502988255e-02
4.674254272467909255e-02
1.260473140939632197e-01
-2.753424375451095710e-02
1.678434316306905705e-01
-1.020343529143419165e-01
-2.687792711132443169e-02
2.700552621099307909e-02
5.531373144577130668e-03
2.716783322321275965e-02
3.414633506871990812e-03
1.053905982819613035e-01
4.336992952762960818e-02
3.408311388071171705e-02
2.576573377341999718e-02
6.426419946618129597e-02
5.222231777408432689e-03
-1.176666438085097188e-01
9.993605362841478240e-03
-3.694341107895172255e-02
3.665745944164040121e-02
1.214373646803810214e-01
1.269551478025598701e-01
-2.356061369788751414e-01
-8.362303985975577669e-02
9.003576992110295940e-02
1.896160420651006248e-03
-4.501469407064985495e-02
5.980531505989875735e-02
-1.390658478293914889e-02
4.895795727338891901e-03
1.231414323959232199e-01
-1.231414323959232199e-01
-1.280409772519219558e-01
-7.978223906985654201e-02
-1.154076801560214444e-01
1.556845920932525482e-02
2.269471790560290483e-02
8.228305646322467762e-03
-7.070700364392533584e-03
-6.899089918260677308e-03
5.288052593209019783e-03
5.665747721751028358e-03
-2.694584939351508447e-04
6.597500443260817873e-03
-1.972736214845849032e-02
1.582408830824188345e-02
-1.520578000324083676e-02
4.477202821115773904e-03
1.175058079468361411e-02
1.836217598785639142e-03
-2.580718677898889701e-02
-1.929982057692046851e-02
-3.206012764611700094e-02
-1.433949975170568068e-02
-1.517123886381026472e-02
1.471299392462177211e-02
1.554079016673583398e-02
7.823744791425196743e-03
-1.705071666987734852e-02
-1.081332344432709910e-02
-3.169010877124514569e-02
-6.329319368801062523e-03
-3.225583964710414166e-03
-2.192331449696111739e-02
4.832663218983414277e-02
-2.480570123226636878e-02
-4.524933201166598216e-03
-2.170570651032646681e-02
1.178507203826372959e-02
2.448960027587696042e-02
3.561007977925775836e-02
1.554079016673560326e-02
7.823744791425134293e-03
5.924664614454166860e-03
2.420522216241652660e-02
-2.074009588267245255e-02
1.751856252618784471e-02
