3.339611422894595560e-01
2.072984789430644056e-02
-6.076586009663079158e-02
-1.347915433789856343e-01
1.049382309310060574e-01
-8.044840161383014221e-02
-4.755914834573291006e-02
-1.094374817717446297e-01
9.675619059329113036e-02
1.403085220811692291e-01
8.393502171047653726e-02
1.621750639156225096e-02
1.105520214906786369e-01
-1.815629870724939920e-02
-9.052812105367680218e-02
1.166530675684992191e-01
-3.567473949840839764e-01
-4.868840133857026825e-02
1.596695712240555898e-01
-8.838558382416492054e-02
-6.234756456013042930e-02
-6.581626358847615654e-02
1.220574717979770185e-01
3.379268808582314154e-02
-1.142299127294560818e-01
-1.299060551569782562e-01
2.772850066279377440e-02
-1.815629870724939920e-02
1.621750639156225096e-02
-1.142299127294560818e-01
-9.052812105367680218e-02
-1.299060551569782562e-01
1.596695712240555898e-01
-3.567473949840839764e-01
-6.581626358847615654e-02
2.772850066279377440e-02
1.105520214906786369e-01
1.220574717979770185e-01
1.166530675684992191e-01
-8.838558382416492054e-02
-6.234756456013042930e-02
-4.868840133857026825e-02
3.379268808582314154e-02
1.216730038295928740e+00
-3.708899409317875095e-01
-1.279901822244477461e-01
-2.319250612135252132e-01
-4.175210330181294838e-01
3.988568704888705019e-02
-7.655627458277334263e-01
2.425099875370233526e-01
3.655455380980993096e-02
-3.816102957157622294e-02
9.940890778958785812e-02
-1.079804672428653772e-01
4.357232229987582917e-02
-1.669219321615503238e-01
-1.298529051383729704e-01
-1.919912867989260474e-01
3.648334011659122578e-02
-2.627939180537363847e-03
-1.379170491205897187e-02
1.992054145955902966e-01
-4.266599587043326536e-01
6.053201336663351084e-02
-3.129111955954227975e-01
1.488692898399537543e-02
4.082531848117770812e-01
-4.342151808835083560e-01
4.789450054721144934e-02
2.381851434408632229e-01
-5.117765182345763719e-01
1.044746178057723435e-01
8.326342203764749983e-02
-6.454427370992735224e-02
-3.719094171573399804e-02
-1.595352116215465188e-01
1.595352116215465188e-01
2.051495487671576967e+00
2.206088542499598515e-01
2.359403697036079328e-01
4.372444890028533843e-02
2.509355709430381373e-02
-1.228336455114844294e-01
1.099848103723944232e-01
-3.179637557251340785e-01
2.274415553502312157e-02
5.859797340993204429e-02
-6.401344791513897958e-02
-2.562992806048251526e-01
-1.399122081285784081e-01
-2.277751314825110507e-01
8.150975293926794596e-02
7.123714183799656485e-02
7.405433505597822097e-02
-1.463364953736394358e-01
1.462427747022108926e-01
-1.101223779497703670e-02
-2.184382112937484355e-01
5.229214140628242469e-02
1.401634788485051422e-02
1.013445013053626970e-01
3.144255657662825554e-02
3.951009374453707396e-02
-6.027128795567143760e-02
1.657041241215514715e-01
5.245678495464330300e-03
-3.001184318239439111e-02
-8.514118101397967486e-02
-3.028959763554580631e-01
2.824600194181635729e-02
1.612022564257680618e-02
6.554749467171380913e-03
-7.823134764269221164e-02
9.252380620787095666e-02
-2.391566113679444161e-01
6.083151994898261528e-02
-1.350271273693086360e-01
-1.620237430074747964e-01
2.907411827538005505e-02
-1.957623252091132415e-01
1.570039705608556810e-02
2.109158732582555942e-02
