4.180217021323812121e-01
-2.832445235002274686e-02
-2.309770824459111971e-02
-1.270163761286965953e-01
1.258898847880121907e-01
-9.393621513101450826e-02
-6.485782890450164651e-02
-5.369771269832457339e-02
9.265834317749185867e-02
1.085676450426552482e-02
3.391632555590768511e-02
-1.816956536854205401e-03
1.227941134714476135e-01
-2.167206948776239372e-01
-9.033848341903601142e-02
1.687774368810866510e-01
-2.643924032791258316e-01
-6.427720990797369804e-02
1.344094751570215907e-01
-1.099183275087811107e-01
-7.416505900772717153e-02
-5.110762619411320096e-02
1.852392325071939294e-01
-3.550651112712585079e-03
-5.592579605313876406e-02
-8.576082833176414122e-02
-4.244731674869296582e-03
-2.167206948776239372e-01
-1.816956536854205401e-03
-5.592579605313876406e-02
-9.033848341903601142e-02
-8.576082833176414122e-02
1.344094751570215907e-01
-2.643924032791258316e-01
-5.110762619411320096e-02
-4.244731674869296582e-03
1.227941134714476135e-01
1.852392325071939294e-01
1.687774368810866510e-01
-1.099183275087811107e-01
-7.416505900772717153e-02
-6.427720990797369804e-02
-3.550651112712585079e-03
1.112790172516513909e+00
-2.857719524932757493e-01
-1.448059411255031848e-01
-2.060272672228154189e-01
-3.090140470236537595e-01
-1.153844462726822256e-01
-7.491114033727930277e-01
2.895637683613140334e-01
7.474066383368507815e-02
-2.373772468185236795e-01
1.602871301533197949e-04
-5.534848494030406019e-02
3.691743389023237343e-02
-2.737946694835381445e-01
-1.770323126935376412e-01
-8.813715996041995848e-02
-8.453768536692343738e-02
-3.629633653466501908e-02
-2.310780662054395113e-02
3.028453156955417391e-01
-2.191366808925815368e-01
1.111753040223891487e-01
-1.115858524436253996e-01
-1.294206818512429746e-01
3.998652268396892806e-01
-3.992150597502354681e-01
8.772542909286837332e-02
2.233490305598580805e-01
9.323295324879317392e-02
-3.004264274865134365e-02
-1.244026093376381786e-01
2.418644832577661330e-01
-3.317459263129634434e-02
-2.195664446333767672e-01
2.195664446333765729e-01
2.588956057403157374e+00
2.138761732456583020e-01
4.414854053973197301e-01
6.658815558077788022e-02
4.082942875113974163e-02
8.079482276700579446e-02
4.813723373801003652e-02
-4.868242852179736208e-02
1.283902084692070157e-03
7.486456188334598971e-02
-2.035916817793163511e-02
-1.482774077875584906e-01
1.804046028586932531e-04
-8.919135122386293718e-03
9.827539905938434406e-02
9.878755641788355968e-02
4.124043762022377296e-02
-7.495680133801162215e-02
-2.944840084707606512e-02
-7.976777749285901553e-02
-4.552955915382147362e-02
-5.083421758393580348e-02
6.757066713911707989e-02
-1.153718540965092410e-01
-7.429562649255712359e-02
-1.301245745142671530e-02
-2.055686889708461529e-01
2.102339071783859148e-01
-2.356867128969639680e-01
5.773847114189040869e-02
-1.775911079045723318e-01
-2.886468307318301729e-01
-1.336343357521579400e-01
3.072991091967734734e-02
4.138002709416209885e-05
3.829639322168858565e-03
5.466498834347004177e-02
-2.778310611429212207e-01
-1.692006251563808045e-02
-1.343798604341471525e-01
2.267150602473097455e-04
-4.650467263599152024e-02
-4.736834412112808819e-03
-1.154345591696462336e-02
-1.763354190504126395e-01
