3.287207309869917826e-01
-4.523800444337352372e-02
-7.866297710784557473e-02
-5.479107834786613868e-02
7.891820250637929246e-02
-1.395933211375830763e-01
-4.599197231790396606e-02
-6.144351592411741864e-02
5.861652492786249835e-02
1.156449369658108517e-01
1.096534079851652910e-01
3.192001044011084920e-02
9.527225527209294553e-02
-5.818369448177716091e-02
-7.258119487423753124e-02
8.644229031244768380e-02
-6.541162834064301324e-02
-7.955343987717891641e-02
1.389052493309758662e-01
-1.715064558546173235e-01
-9.218148233530842894e-02
-3.471993685163403398e-02
1.324628261118810379e-01
-1.022102925443478527e-02
-1.038169218293549662e-01
-9.542170418010978428e-02
5.109992539305915210e-02
-5.818369448177716091e-02
3.192001044011084920e-02
-1.038169218293549662e-01
-7.258119487423753124e-02
-9.542170418010978428e-02
1.389052493309758662e-01
-6.541162834064301324e-02
-3.471993685163403398e-02
5.109992539305915210e-02
9.527225527209294553e-02
1.324628261118810379e-01
8.644229031244768380e-02
-1.715064558546173235e-01
-9.218148233530842894e-02
-7.955343987717891641e-02
-1.022102925443478527e-02
7.838701354270365407e-01
-9.176927432447860855e-02
-1.642581772233764059e-01
-9.886787779694569678e-02
-2.377039352833290875e-01
5.701188675489893970e-02
-5.414460095029086650e-01
2.730103243166873694e-01
7.892256604847533441e-02
-1.644640531821996710e-01
-1.002698432336587425e-01
-6.412071536594295129e-02
9.651272554585182961e-02
-2.593200622414618128e-01
-4.849538541365309985e-02
-1.897625338609575663e-01
-3.122439331704827958e-02
-2.077400954969273530e-02
3.812681283525759524e-02
1.433153969805326389e-01
-3.491498141893063512e-01
1.058365503426866583e-01
-1.317134218698981785e-01
-3.314764663217195650e-01
2.076471592679475786e-01
-6.292271107220522020e-02
2.457690515350375304e-01
9.942483895287398954e-02
-9.968041103658764265e-03
4.453488399046568597e-02
-2.263745290623513096e-02
-1.314212451833852990e-02
-5.967968365257510233e-02
-2.221668876671625548e-01
2.221668876671625548e-01
2.339035298506436877e+00
2.434116335256956698e-01
3.490268265976748108e-01
3.421991368708699605e-02
3.666104644238473570e-02
-1.207422418135836381e-02
3.895901327332374625e-02
-4.901792408105078158e-02
-6.617445569783794723e-02
6.379140865522285597e-02
-9.698873384569764444e-02
-1.706633593350058986e-01
1.504853767037227404e-02
-7.588832640559953213e-02
4.406525383957905773e-02
3.636321368560058165e-02
1.366432049912519667e-02
3.210198652514192202e-02
8.338217534229980243e-02
-3.339235663478364036e-02
-2.826293632053479832e-01
-3.069923081605224757e-02
8.529473587582101987e-03
-4.968365117957481564e-02
-1.220336941470528402e-01
4.162112935271121764e-03
-4.459751498943779341e-02
1.094077549035912950e-01
-8.839163425100372146e-03
-1.239314522320741629e-01
3.434691562620686284e-02
1.377354436618411296e-02
-1.558430146694473120e-02
5.604620287707124532e-02
5.118040652085324970e-05
1.761138106956118901e-02
1.930774535243442655e-02
-2.727391873069092143e-01
-2.393606848053975167e-02
1.943761651678835691e-03
2.621305290931225801e-02
5.714363067922514222e-02
-5.909476673293168926e-04
7.354994470456729244e-03
2.220613555563089730e-02
