2.893957962115216720e-01
-8.607009176899965697e-02
-1.335116483116268946e-02
-8.586652335373456957e-02
5.164917917820788240e-02
-1.452364151847544693e-01
-5.774339582153915906e-02
-6.860048877546588708e-02
6.459660132768535457e-02
1.114625641062834405e-01
1.000984769956984460e-01
3.228430563600011988e-02
1.069934027079966349e-01
-2.563547038094345365e-01
-1.016230281172464806e-01
8.837350320633538536e-02
-7.563275885059518588e-02
-8.392950116452707610e-02
1.781977691774865591e-01
-1.399305172045273438e-01
-7.519432982761051210e-02
-3.685828223810437565e-02
1.401829890289731373e-01
6.626483524488107311e-03
-1.005848879382515160e-01
-8.636160179030402673e-02
3.380072754400029189e-02
-2.563547038094345365e-01
3.228430563600011988e-02
-1.005848879382515160e-01
-1.016230281172464806e-01
-8.636160179030402673e-02
1.781977691774865591e-01
-7.563275885059518588e-02
-3.685828223810437565e-02
3.380072754400029189e-02
1.069934027079966349e-01
1.401829890289731373e-01
8.837350320633538536e-02
-1.399305172045273438e-01
-7.519432982761051210e-02
-8.392950116452707610e-02
6.626483524488107311e-03
7.166401487769314960e-01
-5.611217726078141649e-02
-9.840307708932732877e-02
-8.879075864436526688e-02
-2.013229727558078219e-01
4.124935806353727946e-02
-5.324504721631748705e-01
2.631330212799546930e-01
1.134633324720123598e-01
-1.925235276317195932e-01
-6.520513434618481485e-02
-7.377496153201816564e-02
1.148201314183754096e-01
-2.502737129291958684e-01
-1.056772484023319747e-01
-1.765671191831698350e-01
-1.037708610370225056e-02
1.440272812269791439e-02
-9.566668844633662017e-03
1.677185413573726025e-01
-2.489795703791035930e-01
8.890407396007744822e-02
-9.809376284011610270e-02
-3.628916289202416268e-01
1.870958710884684517e-01
7.996853796182534779e-03
2.780748079573301945e-01
1.089548090925889293e-02
-2.021748739885789389e-02
1.556963743642333746e-02
-5.848806285168157981e-02
8.895960019103676952e-02
-1.909807309840869105e-02
-2.282012486716805122e-01
2.282012486716805122e-01
2.431044585544553716e+00
2.707438789429671977e-01
2.928274102106274146e-01
5.318569063330796931e-02
-1.729465620088098399e-01
-1.982420679462446045e-02
1.915119796486045370e-02
-7.665411725220827588e-02
-8.134748936565145555e-03
-4.389019741592847107e-02
-8.389241256234337973e-02
3.590080679456759266e-02
-1.060336784096392454e-01
-1.578823419519362892e-01
7.380844171345488092e-02
5.260891169628234554e-02
7.460331125308701516e-03
1.415309176894378670e-02
1.760290112466435242e-02
-7.343750815506921992e-03
-2.740121784007400474e-01
5.078649914711180768e-02
2.917074244226399229e-02
-7.249063317100005142e-03
-1.453859427476969501e-01
-1.233526243205204931e-01
-1.379049059107965731e-03
1.467866695681614431e-01
-3.176452291467739275e-02
-8.729660106452216684e-02
-2.480536565077548841e-02
-2.904574887505543407e-02
-1.866883837859089068e-01
-2.414741033626179728e-02
2.316320706460563953e-04
5.330528298944925414e-02
1.170844485102209565e-01
-2.502159765930587199e-01
3.148628347865900512e-02
-1.580180225652986215e-01
1.115698714202881942e-02
2.691041666337353616e-02
-2.569258110573179391e-02
-1.054667588452389837e-01
-1.676680489205002733e-03
