3.790656177864033527e-01
-8.640028246714864801e-02
2.747140231234380600e-02
-1.332857660000509592e-01
5.265155929261934598e-02
-1.488764086446306145e-01
-5.847379998360805603e-02
-5.844927669763179401e-02
5.539279414073887409e-02
1.393907170790337213e-01
4.685530640935180180e-02
1.237580265299536436e-02
1.093791065803144807e-01
-6.886487656700610027e-02
-9.308065013576148627e-02
1.180334124106421356e-01
-5.888842728450411484e-02
-4.953332802451005518e-02
1.256333281623966125e-01
-1.111640493836394628e+00
-9.629902550166997977e-02
-3.936366302059782218e-02
1.646839947772756052e-01
2.280260581855016871e-02
-6.477387039612193809e-02
-9.803799174224633872e-02
5.575072866708209035e-02
-6.886487656700610027e-02
1.237580265299536436e-02
-6.477387039612193809e-02
-9.308065013576148627e-02
-9.803799174224633872e-02
1.256333281623966125e-01
-5.888842728450411484e-02
-3.936366302059782218e-02
5.575072866708209035e-02
1.093791065803144807e-01
1.646839947772756052e-01
1.180334124106421356e-01
-1.111640493836394628e+00
-9.629902550166997977e-02
-4.953332802451005518e-02
2.280260581855016871e-02
7.193137517265859593e-01
-5.498758667717141418e-02
-1.651063981700930938e-01
-8.853294670609386519e-02
-1.774148657348815494e-01
3.855296684322642026e-02
-5.281977463853008148e-01
2.552303558996553146e-01
7.788791050222070023e-02
-1.163284423071199447e-01
-9.830740589234221449e-02
-6.366102520703229017e-02
5.716736049003513787e-02
-2.751435118493950061e-01
-4.169458506271594977e-02
-1.310247393630138424e-01
-4.628590909689622723e-02
1.053720724391178122e-02
-3.408698248661273800e-03
1.845391148118460944e-01
-4.525717668271806993e-01
8.999471862728571081e-02
-1.156464441164623685e-01
-1.809295632235708162e-01
1.257876747170319498e-01
-6.126624082839174368e-02
2.932871060652054163e-01
-6.415929109815692033e-03
-2.223860588361374624e-03
3.308069926204085243e-02
-4.147860819794205178e-02
1.877749254915002039e-02
-2.549792627696992678e-02
-2.101841901398107670e-01
2.101841901398107670e-01
1.454023438359585585e+00
2.881096423392942030e-01
3.597073416501228582e-01
-4.368741469962295521e-04
-5.541520283250817025e-02
7.758659636585377509e-03
5.313515579199884487e-02
-5.419250586185055119e-02
-9.416453316594883965e-03
1.046432795545551922e-02
-9.297368594900408401e-02
-1.982220799928189336e-01
-1.244376722713891464e-01
-2.743529644382733390e-01
9.871131336349271701e-02
3.989459312919831080e-02
1.720012450244376781e-02
4.341863450199568569e-02
5.212124330165875119e-02
1.061484485378784773e-02
-6.753492015499548695e-02
-2.882389249188131459e-03
4.672999943720169275e-02
-3.767979026950630389e-02
-1.423370181992709149e-01
4.412448252309102842e-02
-5.453541901946887087e-03
1.301600316673466318e-01
-4.223473465103137064e-02
-1.504849329581936235e-01
6.057240960773547372e-02
4.631888345307968655e-03
-1.994362252942676050e-01
-7.641226511196747354e-03
9.384512143157480680e-04
2.309874267975207257e-02
2.143472753538724906e-02
-2.370071681065960001e-01
2.734648678097453475e-02
-1.135077573356077854e-02
4.389014928521822907e-03
2.584687156541086439e-02
-2.098113480399759756e-01
-1.267640337387432592e-01
1.002000597127783443e-02
1.560428508860675301e+00
