3.160736794761929702e-01
-5.589004057390033198e-02
-1.985579733416516918e-02
-2.942693672494244364e-02
1.624678701792501845e-01
-1.622758479436216816e-01
-3.902785932119162693e-02
-1.206906109083542566e-01
-6.501727850747287402e-03
1.540022765549059480e-01
1.689287336931701716e-02
-2.858037179742487985e-02
7.842621120501511167e-02
-2.061648421011325616e-01
-4.761738669153008086e-02
1.302904419977923001e-01
-1.019307271722967451e-01
-5.425990591701235904e-02
1.196089236083446028e-01
-1.329965535601243254e-01
-7.168081034691192732e-02
2.010811262148207504e-02
1.700768414177026844e-01
-6.742324031964456316e-03
-8.512136909571164922e-02
-1.167254389223116029e-01
-2.783773722373581588e-02
-2.061648421011325616e-01
-2.858037179742487985e-02
-8.512136909571164922e-02
-4.761738669153008086e-02
-1.167254389223116029e-01
1.196089236083446028e-01
-1.019307271722967451e-01
2.010811262148207504e-02
-2.783773722373581588e-02
7.842621120501511167e-02
1.700768414177026844e-01
1.302904419977923001e-01
-1.329965535601243254e-01
-7.168081034691192732e-02
-5.425990591701235904e-02
-6.742324031964456316e-03
6.384379555499323233e-01
-5.090410534541917748e-02
-2.655155629301341746e-01
-1.202470523183081091e-01
-2.276124927817315124e-01
2.768271268006932129e-01
-3.719411880349167698e-01
2.743842690257523032e-01
1.194532218267820578e-01
-2.358616939983018967e-01
2.075977985007396946e-03
-1.239232784885704597e-01
4.990283335765724471e-02
-2.075380307846627914e-01
-1.412915147814442496e-01
-1.390549932405246714e-01
-7.809810054924888612e-02
4.075632667061059033e-02
-1.738108246281226676e-03
1.943265038563724567e-01
-4.008037675116445375e-01
1.389420607235238303e-01
-6.841339582860248014e-02
-1.750414495230895595e-01
3.719761855697173436e-02
-1.199220105573368077e-02
2.315548202806359812e-01
5.045734988676561783e-02
-1.601928028594173936e-02
-5.686353131829904872e-02
5.965053064233158397e-03
1.308208709217675292e-01
-3.064830026343714348e-02
-1.696901912919207833e-01
1.696901912919207833e-01
2.641723192624823024e+00
3.020788617063392967e-01
2.649401588063792778e-01
-2.188483931983816952e-02
-2.114709117919489068e-01
5.682607104286682698e-04
2.836703557364127389e-03
-2.733922613239198746e-04
5.125533092736245938e-02
6.421231622892148438e-02
-3.777178377731910813e-02
-2.322455632731950104e-01
4.359543543300700014e-02
4.476134512411905110e-03
1.470309221126301150e-02
-1.452135065872479404e-02
6.077977451715008139e-02
3.261188035536253128e-03
1.674840406530371875e-02
-1.195963202474823080e-02
-2.872784234151927185e-01
-7.533084076181208177e-02
2.626637431893956431e-02
-1.449258294784067369e-01
-1.287155504008380968e-01
-1.336231495966424265e-01
-4.738686778472247585e-04
1.729096369834971503e-01
-5.051067526625426657e-02
-4.920186122868134421e-02
-2.839802692106987991e-01
4.429282667526243666e-02
1.383667845575028803e-02
1.545628584567741368e-02
5.359383809053403815e-04
2.570849267023930795e-03
-4.564880869068357883e-02
-1.266997643549272121e-02
-2.868967501092549444e-03
-1.678476932631975393e-01
-2.551280184899617012e-02
1.035712995946134890e-01
-1.916010696467497498e-01
-1.247971234204744151e-01
8.874845389362473469e-02
